69
68
63
44
14
6
5
6
9
19
40
51
48
38
30
35
41
50
56
56
56
53
46
39
36
40
47
52
55
56
53
45
35
34
38
40
40
39
36
30
25
24
22
24
30
31
27
19
21
23
25
24
22
16
14
14
16
17
18
18
18
18
18
16
21
36
47
51
62
63
54
30
9
5
5
7
12
32
54
61
59
42
21
25
35
48
55
53
48
43
38
34
32
40
51
55
56
54
52
49
44
39
33
30
33
36
37
31
25
25
24
27
33
34
29
19
21
24
27
27
27
21
16
14
17
19
21
19
19
18
18
16
22
38
49
52
41
48
41
21
8
5
5
10
19
36
56
63
59
43
20
17
27
44
51
48
35
30
33
34
37
43
51
53
52
46
50
52
51
45
37
28
29
33
38
38
36
36
35
34
36
36
28
19
23
28
33
33
33
25
19
16
20
26
29
25
20
18
18
17
21
36
47
49
29
39
34
20
11
8
8
18
27
34
50
59
55
42
24
17
27
47
56
54
38
28
36
46
49
49
51
51
46
38
47
52
53
48
42
32
27
31
40
45
47
47
45
41
39
38
32
23
27
33
39
40
38
29
22
18
22
32
35
31
22
17
17
17
21
33
41
39
21
26
23
18
16
14
18
29
35
38
45
52
49
41
30
25
33
50
57
55
45
34
37
48
51
51
50
48
44
39
42
47
48
44
39
31
24
25
38
46
50
50
47
44
41
40
36
29
30
35
40
41
39
31
23
19
23
32
35
29
20
16
17
17
21
29
33
28
17
17
18
18
18
18
25
38
42
42
45
48
47
41
36
34
37
47
54
50
39
27
31
40
44
42
43
42
39
32
30
35
36
34
32
26
20
21
32
42
45
45
44
41
41
41
40
35
34
35
37
38
37
31
23
20
21
24
27
22
15
14
15
17
18
23
24
15
17
18
18
19
19
19
25
38
42
42
43
43
42
40
39
37
35
36
40
38
31
28
29
30
32
32
33
35
33
28
27
28
29
29
28
24
21
23
29
35
38
38
39
39
41
42
43
40
38
35
32
33
32
29
27
23
19
17
15
11
9
12
13
13
15
17
17
9
17
18
19
20
20
20
22
31
37
40
40
40
40
39
38
36
35
37
42
41
42
43
43
43
43
44
44
44
47
45
43
44
44
44
43
43
42
41
42
43
42
40
35
35
37
39
40
40
38
34
30
29
28
28
28
25
22
15
7
5
8
10
10
10
12
15
16
13
18
19
20
21
21
21
21
22
26
34
39
39
37
36
37
38
50
57
59
59
61
61
62
62
63
64
64
64
65
65
65
65
65
66
66
66
66
66
66
65
66
67
60
27
28
30
31
32
30
27
24
21
22
23
24
24
21
13
5
6
15
20
15
8
9
12
16
15
19
20
21
21
22
21
21
19
19
26
32
32
29
30
38
42
50
56
55
55
56
57
58
59
61
62
62
63
64
64
65
65
65
66
66
66
66
65
66
67
67
68
58
21
18
19
20
21
20
18
16
15
15
14
15
17
15
9
4
11
25
29
25
13
7
9
13
13
20
21
21
22
22
22
22
20
17
16
17
16
15
22
36
45
51
56
57
55
56
57
58
59
61
62
62
63
64
64
65
65
65
66
66
66
66
65
66
67
67
66
55
21
18
19
40
50
54
54
50
32
14
11
9
9
8
5
3
11
26
31
27
14
6
7
7
7
20
21
22
22
22
22
22
21
18
14
9
8
10
20
37
46
52
55
56
56
56
57
58
59
61
62
62
63
64
64
65
65
66
67
66
66
66
66
66
66
67
67
53
25
50
56
64
65
64
65
65
61
48
14
10
10
8
5
4
10
22
28
22
11
6
6
5
4
21
21
22
22
22
22
22
22
19
15
10
6
8
20
37
47
52
55
56
55
56
57
58
59
60
62
62
63
64
64
65
65
66
66
66
66
66
66
66
66
67
67
62
60
67
65
62
57
54
56
61
65
65
45
14
13
12
7
6
11
17
19
12
7
4
5
4
3
21
21
22
22
22
22
22
22
20
17
13
6
7
20
38
47
51
53
56
55
56
57
58
59
60
61
62
63
64
64
65
65
66
67
66
66
66
66
66
66
67
67
66
67
65
60
51
40
35
40
52
61
66
60
19
17
14
9
9
14
17
15
8
5
3
4
4
3
21
21
22
22
22
22
22
22
21
19
15
7
7
21
39
48
45
51
57
55
56
57
57
58
60
61
62
63
64
64
65
65
66
67
66
66
66
66
66
66
67
69
66
65
62
52
23
24
23
22
33
54
65
67
40
35
30
19
15
18
17
12
6
4
3
3
3
2
20
22
22
22
22
22
22
22
22
20
17
9
8
22
40
48
46
50
56
54
55
56
57
58
60
61
62
63
64
64
65
65
65
67
66
66
66
66
66
66
66
67
65
64
59
22
23
24
24
22
19
55
63
67
49
37
35
27
19
19
17
10
5
3
2
3
2
2
20
21
22
22
22
22
22
22
22
21
18
10
9
23
41
49
50
51
54
53
55
56
57
58
60
61
62
63
64
64
65
65
65
66
66
66
66
66
66
66
66
66
65
61
29
21
23
24
24
23
20
54
64
67
43
36
35
26
20
21
17
10
5
3
2
2
2
2
20
21
22
22
22
21
22
22
22
21
19
12
9
25
42
50
52
50
54
54
55
55
57
58
59
61
62
63
63
64
65
65
65
67
66
66
66
66
66
66
66
66
66
57
20
21
23
24
25
24
22
56
64
59
20
26
26
23
27
28
22
14
7
4
2
2
2
3
19
20
21
22
22
21
21
21
21
21
20
14
10
26
44
51
53
63
54
53
54
54
56
57
59
60
62
63
63
64
65
65
66
66
66
66
66
66
66
66
67
66
65
47
19
20
23
24
24
24
48
62
64
53
12
16
23
32
39
36
30
16
6
4
4
4
5
5
19
20
20
21
21
20
20
21
21
21
20
15
11
27
45
53
53
63
52
53
54
54
56
57
59
60
62
62
63
64
64
65
66
66
66
66
66
66
66
66
70
69
61
21
19
20
22
24
24
25
58
63
65
41
11
21
33
41
44
41
32
15
7
5
5
6
6
6
17
19
20
20
20
19
20
20
20
20
20
16
13
28
47
53
54
63
51
52
53
54
55
57
59
60
61
62
63
64
64
65
65
66
66
66
66
66
66
66
70
68
45
19
18
19
21
23
24
50
62
64
57
16
14
29
40
45
45
39
26
13
8
7
8
8
8
8
16
18
18
19
18
18
18
19
18
18
18
17
15
30
48
54
54
58
50
51
53
54
55
57
58
60
61
62
63
64
64
65
65
66
66
66
66
66
66
66
70
67
40
19
17
19
20
21
31
59
63
64
46
15
17
30
38
43
39
30
21
14
10
11
11
12
12
11
15
17
19
18
17
17
15
16
16
18
19
19
18
29
44
49
48
52
50
51
53
53
55
56
58
60
61
62
63
64
64
65
65
66
66
66
66
66
66
66
70
65
41
21
19
19
21
21
60
63
64
58
21
16
16
26
34
36
31
24
18
13
13
13
14
15
15
14
17
19
19
19
20
19
19
20
20
19
20
19
18
24
32
35
35
42
50
51
52
53
55
56
58
60
61
62
63
64
64
65
66
66
66
66
66
66
66
66
70
64
35
20
20
19
19
57
63
64
58
31
17
15
14
17
23
28
27
22
15
14
15
15
16
17
17
15
18
18
19
20
20
21
22
23
21
18
17
16
15
18
22
25
28
40
49
51
52
53
54
56
58
59
62
62
63
64
64
65
65
66
67
67
66
66
66
67
68
63
23
17
16
16
50
62
64
61
41
14
12
12
12
14
18
25
26
21
14
14
15
15
16
17
16
15
18
18
19
22
22
22
22
24
23
21
20
18
17
19
22
24
26
39
49
50
52
52
54
56
58
60
62
62
63
64
64
65
65
66
67
68
66
66
66
66
67
62
20
18
18
42
62
64
64
54
16
14
12
12
11
11
15
23
24
21
14
14
15
15
16
16
15
14
19
19
21
23
23
23
22
22
23
23
23
22
21
22
23
23
24
39
49
50
51
52
54
56
58
59
61
62
63
63
64
65
65
66
67
68
67
66
66
66
67
60
23
22
46
63
64
63
60
20
20
18
17
16
15
14
17
23
24
20
15
14
14
15
15
16
14
13
19
20
20
21
21
21
21
21
20
20
19
19
19
20
23
24
25
38
50
50
51
51
53
55
57
59
61
61
62
63
64
64
65
66
67
68
67
66
66
66
66
55
24
46
63
65
64
59
23
20
20
19
19
19
18
18
19
22
23
20
16
15
15
15
15
16
14
12
18
19
19
19
20
20
20
20
20
20
20
19
19
20
23
26
28
37
50
49
50
51
53
55
57
59
61
62
62
63
64
65
65
65
66
67
67
66
66
66
67
54
55
63
65
64
59
27
21
20
19
19
18
18
18
18
19
20
22
21
21
19
18
17
17
17
15
13
18
19
20
20
20
20
20
21
20
20
20
21
20
21
23
25
26
35
49
49
50
51
53
55
57
59
61
61
62
63
64
65
65
66
66
67
67
66
66
66
67
63
61
70
65
61
33
22
22
20
22
23
23
22
23
23
25
25
27
29
30
29
28
26
22
19
17
15
19
20
21
20
21
21
21
21
21
20
21
21
20
21
23
25
25
34
48
49
50
51
52
55
57
59
61
61
62
63
64
65
65
66
66
67
67
66
66
66
68
67
67
66
61
46
28
28
27
25
26
27
24
22
23
23
24
24
25
27
28
26
26
26
24
22
20
18
20
20
20
20
20
20
20
20
20
21
21
21
21
22
23
24
24
32
46
48
49
50
52
54
56
59
61
61
62
63
64
65
65
66
67
68
67
66
66
65
67
69
64
64
55
22
21
20
20
20
20
20
19
19
18
19
19
21
21
21
22
23
23
21
20
23
21
21
21
20
19
19
20
20
19
19
18
19
20
21
21
20
20
21
21
26
45
48
49
50
52
54
56
59
61
61
62
63
64
64
65
66
68
68
67
66
66
66
67
65
64
61
20
19
18
17
17
17
19
20
22
22
22
22
24
25
23
22
22
23
22
20
21
22
23
24
17
16
16
16
16
17
14
15
13
13
14
14
15
14
14
17
18
19
44
48
49
50
52
54
56
59
61
61
62
63
64
65
65
66
68
68
67
66
66
66
66
65
64
46
20
19
18
17
18
17
17
16
17
17
17
19
21
21
21
23
23
24
24
22
21
23
25
25
13
13
12
13
14
15
13
14
12
11
11
12
13
13
14
15
17
18
41
48
48
50
52
54
56
59
61
61
62
63
64
65
65
67
68
67
67
66
66
66
66
64
59
20
19
18
18
17
19
19
17
16
16
17
18
18
18
20
21
22
22
21
21
20
19
19
21
22
14
14
14
14
16
18
15
15
14
13
17
14
14
14
15
16
17
18
38
48
48
50
51
54
56
59
61
61
62
63
64
65
65
66
67
67
67
66
66
66
66
62
23
20
18
16
15
16
16
16
15
15
15
17
18
19
19
21
23
23
27
27
25
22
21
20
21
22
16
15
16
15
16
18
15
16
14
15
17
16
15
16
16
17
18
18
41
48
49
50
51
54
56
59
61
61
62
63
64
65
65
66
67
67
67
66
66
66
65
50
23
22
21
20
19
18
16
15
16
17
18
20
22
24
26
28
30
31
35
33
31
28
25
22
23
23
16
17
17
15
15
17
18
16
16
17
16
15
16
17
18
19
19
19
41
48
49
50
52
54
57
59
60
61
62
63
64
65
65
67
67
67
67
66
66
66
65
48
23
24
23
23
23
20
19
21
22
24
26
28
34
33
29
30
31
30
30
27
27
27
29
26
28
29
20
20
17
18
17
20
20
18
19
20
16
16
18
19
20
19
18
18
39
47
49
50
52
54
57
59
61
62
62
63
64
64
65
66
67
67
66
66
66
66
62
33
24
24
24
24
27
27
29
29
31
32
32
35
33
32
30
27
26
28
27
27
27
26
30
28
30
31
25
23
24
25
20
27
26
21
24
24
18
18
19
18
20
18
17
17
28
42
48
50
52
54
56
59
61
62
62
63
64
64
65
65
66
66
66
66
65
63
59
23
22
23
27
25
26
32
35
33
37
46
45
43
39
37
35
31
35
35
31
28
28
29
28
26
24
24
25
23
25
25
22
28
26
19
23
21
17
16
16
16
19
17
16
14
16
25
37
45
50
53
56
58
60
61
62
63
64
64
65
65
65
65
65
62
60
51
26
27
29
28
34
41
39
39
33
33
34
35
29
29
29
32
28
35
36
36
32
27
28
26
29
29
29
29
24
21
19
18
18
24
16
17
30
23
14
14
17
16
19
17
15
15
15
17
10
20
38
42
43
45
50
53
56
57
58
57
56
55
60
62
62
62
38
35
31
25
25
33
31
34
31
33
29
33
26
27
27
27
27
28
28
34
39
39
36
32
30
31
35
36
33
34
20
19
19
19
20
25
17
17
23
18
14
16
17
15
23
47
25
27
26
36
22
27
18
27
31
32
36
35
41
45
45
41
49
53
57
57
37
41
39
35
38
29
24
25
24
25
25
24
23
22
21
21
21
20
21
24
24
24
25
29
28
29
28
31
31
28
26
29
19
22
21
25
31
33
27
31
25
27
27
27
30
29
32
30
23
23
22
19
16
16
16
16
17
19
21
22
22
24
26
29
32
35
35
36
35
36
36
37
45
36
23
23
21
21
24
22
24
22
20
21
21
19
21
22
22
22
22
23
24
27
23
24
23
25
21
23
25
25
25
25
25
25
23
22
22
22
22
22
23
21
22
21
22
21
23
23
19
18
19
18
19
20
22
24
25
27
28
30
31
30
30
33
35
38
42
47
51
40
24
22
23
24
25
23
25
23
22
21
19
18
18
18
20
21
22
22
23
24
24
25
23
26
25
24
